Result of the analysis without weight constraints
Zapisano wagi SMAA do plików CSV (airports_input_weights.csv oraz airports_output_weights.csv)
Extreme efficiencies:
WAW: [0,452, 1,000]
KRK: [0,214, 1,000]
KAT: [0,108, 0,591]
WRO: [0,338, 1,000]
POZ: [0,219, 0,800]
LCJ: [0,057, 0,300]
GDN: [0,302, 1,000]
SZZ: [0,090, 0,271]
BZG: [0,184, 1,000]
RZE: [0,070, 0,409]
IEG: [0,001, 0,258]

Efficiency distribution:
    [0.0-0.1] (0,1-0,2] (0,2-0,3] (0,3-0,4] (0,4-0,5] (0,5-0,6] (0,6-0,7] (0,7-0,8] (0,8-0,9] (0,9-1,0]
WAW     0,000     0,000     0,000     0,000     0,000     0,010     0,030     0,090     0,090     0,780
KRK     0,000     0,000     0,000     0,000     0,070     0,180     0,350     0,270     0,100     0,030
KAT     0,000     0,020     0,590     0,360     0,030     0,000     0,000     0,000     0,000     0,000
WRO     0,000     0,000     0,000     0,000     0,030     0,190     0,210     0,360     0,180     0,030
POZ     0,000     0,000     0,000     0,010     0,270     0,480     0,240     0,000     0,000     0,000
LCJ     0,010     0,970     0,020     0,000     0,000     0,000     0,000     0,000     0,000     0,000
GDN     0,000     0,000     0,000     0,050     0,220     0,560     0,080     0,060     0,010     0,020
SZZ     0,010     0,930     0,060     0,000     0,000     0,000     0,000     0,000     0,000     0,000
BZG     0,000     0,000     0,030     0,060     0,130     0,160     0,070     0,110     0,080     0,360
RZE     0,000     0,230     0,740     0,030     0,000     0,000     0,000     0,000     0,000     0,000
IEG     1,000     0,000     0,000     0,000     0,000     0,000     0,000     0,000     0,000     0,000

Expected efficiency scores:
WAW: 0,945
KRK: 0,678
KAT: 0,288
WRO: 0,710
POZ: 0,544
LCJ: 0,138
GDN: 0,545
SZZ: 0,149
BZG: 0,727
RZE: 0,228
IEG: 0,011

Extreme ranks:
WAW: [1,000, 5,000]
KRK: [1,000, 6,000]
KAT: [6,000, 10,000]
WRO: [1,000, 5,000]
POZ: [3,000, 6,000]
LCJ: [7,000, 10,000]
GDN: [1,000, 6,000]
SZZ: [7,000, 10,000]
BZG: [1,000, 8,000]
RZE: [7,000, 11,000]
IEG: [8,000, 11,000]

Rank distribution:
        1     2     3     4     5     6     7     8     9    10    11
WAW 0,740 0,210 0,030 0,020 0,000 0,000 0,000 0,000 0,000 0,000 0,000
KRK 0,000 0,200 0,130 0,550 0,110 0,010 0,000 0,000 0,000 0,000 0,000
KAT 0,000 0,000 0,000 0,000 0,000 0,010 0,990 0,000 0,000 0,000 0,000
WRO 0,000 0,310 0,620 0,060 0,010 0,000 0,000 0,000 0,000 0,000 0,000
POZ 0,000 0,000 0,010 0,100 0,680 0,210 0,000 0,000 0,000 0,000 0,000
LCJ 0,000 0,000 0,000 0,000 0,000 0,000 0,000 0,000 0,180 0,820 0,000
GDN 0,010 0,140 0,070 0,100 0,170 0,510 0,000 0,000 0,000 0,000 0,000
SZZ 0,000 0,000 0,000 0,000 0,000 0,000 0,000 0,060 0,760 0,180 0,000
BZG 0,250 0,140 0,140 0,170 0,030 0,260 0,010 0,000 0,000 0,000 0,000
RZE 0,000 0,000 0,000 0,000 0,000 0,000 0,000 0,940 0,060 0,000 0,000
IEG 0,000 0,000 0,000 0,000 0,000 0,000 0,000 0,000 0,000 0,000 1,000

Expected ranks:
WAW: 1,330
KRK: 3,600
KAT: 6,990
WRO: 2,770
POZ: 5,090
LCJ: 9,820
GDN: 4,810
SZZ: 9,120
BZG: 3,410
RZE: 8,060
IEG: 11,000

Pairwise efficiency preference relations:
	WAW	KRK	KAT	WRO	POZ	LCJ	GDN	SZZ	BZG	RZE	IEG
WAW	N	P	N	P	N	N	P	N	P	N	N	
KRK	P	N	N	P	P	N	P	N	P	N	N	
KAT			N			P		P	P	N	P	
WRO	P	P	N	N	P	N	P	N	P	N	N	
POZ		P	N	P	N	N	P	N	P	N	N	
LCJ			P			N		P		P	N	
GDN	P	P	N	P	P	N	N	N	P	N	N	
SZZ			P			P		N		P	P	
BZG	P	P	P	P	P	N	P	N	N	N	N	
RZE						P		P	P	N	P	
IEG			P					P		P	N	

Pairwise efficiency outranking indices:
      WAW   KRK   KAT   WRO   POZ   LCJ   GDN   SZZ   BZG   RZE   IEG
WAW 1,000 1,000 1,000 0,990 1,000 1,000 0,990 1,000 0,720 1,000 1,000
KRK 0,000 1,000 1,000 0,090 0,990 1,000 0,840 1,000 0,390 1,000 1,000
KAT 0,000 0,000 1,000 0,000 0,000 0,990 0,000 1,000 0,010 1,000 1,000
WRO 0,010 0,910 1,000 1,000 0,980 1,000 0,870 1,000 0,490 1,000 1,000
POZ 0,000 0,010 1,000 0,020 1,000 1,000 0,650 1,000 0,240 1,000 1,000
LCJ 0,000 0,000 0,010 0,000 0,000 1,000 0,000 0,220 0,000 0,010 1,000
GDN 0,010 0,160 1,000 0,130 0,350 1,000 1,000 1,000 0,260 1,000 1,000
SZZ 0,000 0,000 0,000 0,000 0,000 0,780 0,000 1,000 0,000 0,020 1,000
BZG 0,280 0,610 0,990 0,510 0,760 1,000 0,740 1,000 1,000 1,000 1,000
RZE 0,000 0,000 0,000 0,000 0,000 0,990 0,000 0,980 0,000 1,000 1,000
IEG 0,000 0,000 0,000 0,000 0,000 0,000 0,000 0,000 0,000 0,000 1,000


Result of the analysis with custom weight constraints
Zapisano wagi SMAA do plików CSV (airports_input_weights_custom.csv oraz airports_output_weights_custom.csv)
Extreme efficiencies:
WAW: [0,452, 1,000]
KRK: [0,440, 0,963]
KAT: [0,210, 0,555]
WRO: [0,445, 0,922]
POZ: [0,433, 0,780]
LCJ: [0,095, 0,283]
GDN: [0,455, 1,000]
SZZ: [0,114, 0,261]
BZG: [0,189, 0,955]
RZE: [0,169, 0,383]
IEG: [0,001, 0,189]

Efficiency distribution:
    [0.0-0.1] (0,1-0,2] (0,2-0,3] (0,3-0,4] (0,4-0,5] (0,5-0,6] (0,6-0,7] (0,7-0,8] (0,8-0,9] (0,9-1,0]
WAW     0,000     0,000     0,000     0,000     0,000     0,000     0,000     0,000     0,000     1,000
KRK     0,000     0,000     0,000     0,000     0,000     0,200     0,500     0,270     0,030     0,000
KAT     0,000     0,000     0,340     0,620     0,040     0,000     0,000     0,000     0,000     0,000
WRO     0,000     0,000     0,000     0,000     0,030     0,410     0,410     0,150     0,000     0,000
POZ     0,000     0,000     0,000     0,000     0,020     0,770     0,210     0,000     0,000     0,000
LCJ     0,000     1,000     0,000     0,000     0,000     0,000     0,000     0,000     0,000     0,000
GDN     0,000     0,000     0,000     0,000     0,030     0,540     0,410     0,020     0,000     0,000
SZZ     0,000     1,000     0,000     0,000     0,000     0,000     0,000     0,000     0,000     0,000
BZG     0,000     0,000     0,130     0,520     0,230     0,110     0,010     0,000     0,000     0,000
RZE     0,000     0,070     0,930     0,000     0,000     0,000     0,000     0,000     0,000     0,000
IEG     1,000     0,000     0,000     0,000     0,000     0,000     0,000     0,000     0,000     0,000

Expected efficiency scores:
WAW: 1,000
KRK: 0,666
KAT: 0,313
WRO: 0,616
POZ: 0,569
LCJ: 0,131
GDN: 0,593
SZZ: 0,147
BZG: 0,386
RZE: 0,232
IEG: 0,009

Extreme ranks:
WAW: [1,000, 5,000]
KRK: [2,000, 6,000]
KAT: [6,000, 8,000]
WRO: [2,000, 5,000]
POZ: [3,000, 6,000]
LCJ: [7,000, 10,000]
GDN: [1,000, 6,000]
SZZ: [9,000, 10,000]
BZG: [2,000, 8,000]
RZE: [7,000, 9,000]
IEG: [11,000, 11,000]

Rank distribution:
        1     2     3     4     5     6     7     8     9    10    11
WAW 0,990 0,010 0,000 0,000 0,000 0,000 0,000 0,000 0,000 0,000 0,000
KRK 0,000 0,850 0,150 0,000 0,000 0,000 0,000 0,000 0,000 0,000 0,000
KAT 0,000 0,000 0,000 0,000 0,000 0,170 0,830 0,000 0,000 0,000 0,000
WRO 0,000 0,020 0,530 0,340 0,110 0,000 0,000 0,000 0,000 0,000 0,000
POZ 0,000 0,000 0,000 0,310 0,680 0,010 0,000 0,000 0,000 0,000 0,000
LCJ 0,000 0,000 0,000 0,000 0,000 0,000 0,000 0,000 0,000 1,000 0,000
GDN 0,010 0,120 0,320 0,350 0,190 0,010 0,000 0,000 0,000 0,000 0,000
SZZ 0,000 0,000 0,000 0,000 0,000 0,000 0,000 0,000 1,000 0,000 0,000
BZG 0,000 0,000 0,000 0,000 0,020 0,810 0,170 0,000 0,000 0,000 0,000
RZE 0,000 0,000 0,000 0,000 0,000 0,000 0,000 1,000 0,000 0,000 0,000
IEG 0,000 0,000 0,000 0,000 0,000 0,000 0,000 0,000 0,000 0,000 1,000

Expected ranks:
WAW: 1,010
KRK: 2,150
KAT: 6,830
WRO: 3,540
POZ: 4,700
LCJ: 10,000
GDN: 3,620
SZZ: 9,000
BZG: 6,150
RZE: 8,000
IEG: 11,000

Pairwise efficiency preference relations:
	WAW	KRK	KAT	WRO	POZ	LCJ	GDN	SZZ	BZG	RZE	IEG
WAW	N	P	N	P	N	N	P	N	P	N	N	
KRK	P	N	N	P	P	N	P	N	P	N	N	
KAT			N			P		N	P	N	N	
WRO	P	P	N	N	P	N	P	N	P	N	N	
POZ		P	N	P	N	N	P	N	P	N	N	
LCJ			P			N		P		P	N	
GDN	P	P	N	P	P	N	N	N	P	N	N	
SZZ						P		N			N	
BZG	P	P	P	P	P	N	P	N	N	N	N	
RZE						P		N	P	N	N	
IEG											N	

Pairwise efficiency outranking indices:
      WAW   KRK   KAT   WRO   POZ   LCJ   GDN   SZZ   BZG   RZE   IEG
WAW 1,000 1,000 1,000 1,000 1,000 1,000 1,000 1,000 1,000 1,000 1,000
KRK 0,000 1,000 1,000 0,990 1,000 1,000 0,880 1,000 1,000 1,000 1,000
KAT 0,000 0,000 1,000 0,000 0,000 1,000 0,000 1,000 0,110 1,000 1,000
WRO 0,000 0,010 1,000 1,000 0,940 1,000 0,690 1,000 1,000 1,000 1,000
POZ 0,000 0,000 1,000 0,060 1,000 1,000 0,210 1,000 1,000 1,000 1,000
LCJ 0,000 0,000 0,000 0,000 0,000 1,000 0,000 0,000 0,000 0,000 1,000
GDN 0,000 0,120 1,000 0,310 0,790 1,000 1,000 1,000 1,000 1,000 1,000
SZZ 0,000 0,000 0,000 0,000 0,000 1,000 0,000 1,000 0,000 0,000 1,000
BZG 0,000 0,000 0,890 0,000 0,000 1,000 0,000 1,000 1,000 1,000 1,000
RZE 0,000 0,000 0,000 0,000 0,000 1,000 0,000 1,000 0,000 1,000 1,000
IEG 0,000 0,000 0,000 0,000 0,000 0,000 0,000 0,000 0,000 0,000 1,000

