Zapisano wagi SMAA do plików CSV (robots_input_weights.csv oraz robots_output_weights.csv)
Extreme efficiencies:
1: [0,004, 0,233]
2: [0,005, 0,391]
3: [0,003, 0,253]
4: [0,000, 0,035]
5: [0,003, 0,113]
6: [0,001, 0,779]
7: [0,001, 0,215]
8: [0,001, 0,203]
9: [0,001, 0,106]
10: [0,004, 1,000]
11: [0,002, 0,306]
12: [0,001, 0,059]
13: [0,001, 0,157]
14: [0,002, 0,246]
15: [0,003, 0,370]
16: [0,006, 0,279]
17: [0,046, 1,000]
18: [0,001, 0,090]
19: [0,001, 0,333]
20: [0,002, 1,000]
21: [0,002, 0,319]
22: [0,000, 0,082]
23: [0,000, 0,128]
24: [0,000, 0,158]
25: [0,005, 1,000]
26: [0,005, 0,347]
27: [0,042, 1,000]

Efficiency distribution:
   [0.0-0.1] (0,1-0,2] (0,2-0,3] (0,3-0,4] (0,4-0,5] (0,5-0,6] (0,6-0,7] (0,7-0,8] (0,8-0,9] (0,9-1,0]
 1     0,005     0,940     0,055     0,000     0,000     0,000     0,000     0,000     0,000     0,000
 2     0,001     0,007     0,676     0,316     0,000     0,000     0,000     0,000     0,000     0,000
 3     0,053     0,744     0,203     0,000     0,000     0,000     0,000     0,000     0,000     0,000
 4     1,000     0,000     0,000     0,000     0,000     0,000     0,000     0,000     0,000     0,000
 5     0,769     0,231     0,000     0,000     0,000     0,000     0,000     0,000     0,000     0,000
 6     0,987     0,013     0,000     0,000     0,000     0,000     0,000     0,000     0,000     0,000
 7     0,343     0,657     0,000     0,000     0,000     0,000     0,000     0,000     0,000     0,000
 8     0,326     0,674     0,000     0,000     0,000     0,000     0,000     0,000     0,000     0,000
 9     0,999     0,001     0,000     0,000     0,000     0,000     0,000     0,000     0,000     0,000
10     0,198     0,767     0,031     0,001     0,002     0,001     0,000     0,000     0,000     0,000
11     0,068     0,465     0,467     0,000     0,000     0,000     0,000     0,000     0,000     0,000
12     1,000     0,000     0,000     0,000     0,000     0,000     0,000     0,000     0,000     0,000
13     0,679     0,321     0,000     0,000     0,000     0,000     0,000     0,000     0,000     0,000
14     0,126     0,844     0,030     0,000     0,000     0,000     0,000     0,000     0,000     0,000
15     0,002     0,091     0,797     0,110     0,000     0,000     0,000     0,000     0,000     0,000
16     0,006     0,228     0,766     0,000     0,000     0,000     0,000     0,000     0,000     0,000
17     0,818     0,152     0,020     0,002     0,003     0,000     0,001     0,001     0,000     0,003
18     1,000     0,000     0,000     0,000     0,000     0,000     0,000     0,000     0,000     0,000
19     0,184     0,353     0,457     0,006     0,000     0,000     0,000     0,000     0,000     0,000
20     0,073     0,120     0,114     0,103     0,105     0,088     0,096     0,088     0,053     0,160
21     0,119     0,340     0,535     0,006     0,000     0,000     0,000     0,000     0,000     0,000
22     1,000     0,000     0,000     0,000     0,000     0,000     0,000     0,000     0,000     0,000
23     0,930     0,070     0,000     0,000     0,000     0,000     0,000     0,000     0,000     0,000
24     0,897     0,103     0,000     0,000     0,000     0,000     0,000     0,000     0,000     0,000
25     0,653     0,346     0,001     0,000     0,000     0,000     0,000     0,000     0,000     0,000
26     0,009     0,160     0,758     0,073     0,000     0,000     0,000     0,000     0,000     0,000
27     0,000     0,001     0,000     0,000     0,000     0,003     0,005     0,030     0,030     0,931

Expected efficiency scores:
1: 0,170
2: 0,289
3: 0,171
4: 0,018
5: 0,091
6: 0,063
7: 0,111
8: 0,110
9: 0,055
10: 0,124
11: 0,187
12: 0,037
13: 0,085
14: 0,143
15: 0,254
16: 0,216
17: 0,091
18: 0,053
19: 0,178
20: 0,514
21: 0,193
22: 0,039
23: 0,057
24: 0,066
25: 0,098
26: 0,246
27: 0,982

Extreme ranks:
1: [3,000, 16,000]
2: [2,000, 7,000]
3: [6,000, 24,000]
4: [15,000, 27,000]
5: [9,000, 25,000]
6: [2,000, 25,000]
7: [4,000, 20,000]
8: [5,000, 24,000]
9: [6,000, 25,000]
10: [1,000, 20,000]
11: [3,000, 23,000]
12: [6,000, 26,000]
13: [12,000, 26,000]
14: [4,000, 23,000]
15: [2,000, 12,000]
16: [3,000, 20,000]
17: [1,000, 24,000]
18: [14,000, 26,000]
19: [3,000, 22,000]
20: [1,000, 21,000]
21: [3,000, 26,000]
22: [10,000, 26,000]
23: [14,000, 27,000]
24: [6,000, 26,000]
25: [1,000, 20,000]
26: [2,000, 22,000]
27: [1,000, 6,000]

Rank distribution:
       1     2     3     4     5     6     7     8     9    10    11    12    13    14    15    16    17    18    19    20    21    22    23    24    25    26    27
 1 0,000 0,000 0,000 0,002 0,015 0,058 0,108 0,068 0,065 0,115 0,341 0,216 0,009 0,003 0,000 0,000 0,000 0,000 0,000 0,000 0,000 0,000 0,000 0,000 0,000 0,000 0,000
 2 0,000 0,215 0,440 0,219 0,100 0,020 0,006 0,000 0,000 0,000 0,000 0,000 0,000 0,000 0,000 0,000 0,000 0,000 0,000 0,000 0,000 0,000 0,000 0,000 0,000 0,000 0,000
 3 0,000 0,000 0,000 0,000 0,000 0,003 0,043 0,089 0,196 0,483 0,149 0,025 0,005 0,005 0,001 0,001 0,000 0,000 0,000 0,000 0,000 0,000 0,000 0,000 0,000 0,000 0,000
 4 0,000 0,000 0,000 0,000 0,000 0,000 0,000 0,000 0,000 0,000 0,000 0,000 0,000 0,000 0,000 0,000 0,000 0,000 0,000 0,000 0,000 0,000 0,000 0,000 0,004 0,050 0,946
 5 0,000 0,000 0,000 0,000 0,000 0,000 0,000 0,000 0,000 0,001 0,003 0,002 0,030 0,077 0,136 0,172 0,166 0,175 0,109 0,092 0,023 0,014 0,000 0,000 0,000 0,000 0,000
 6 0,000 0,000 0,000 0,000 0,000 0,000 0,000 0,001 0,001 0,001 0,004 0,001 0,004 0,000 0,003 0,007 0,006 0,019 0,084 0,196 0,274 0,302 0,071 0,025 0,001 0,000 0,000
 7 0,000 0,000 0,000 0,000 0,000 0,000 0,000 0,000 0,002 0,001 0,010 0,065 0,288 0,339 0,138 0,070 0,055 0,028 0,003 0,001 0,000 0,000 0,000 0,000 0,000 0,000 0,000
 8 0,000 0,000 0,000 0,000 0,000 0,000 0,000 0,000 0,000 0,000 0,001 0,042 0,301 0,178 0,186 0,124 0,087 0,047 0,021 0,011 0,002 0,000 0,000 0,000 0,000 0,000 0,000
 9 0,000 0,000 0,000 0,000 0,000 0,000 0,000 0,000 0,000 0,002 0,001 0,004 0,002 0,002 0,003 0,004 0,009 0,020 0,033 0,063 0,092 0,122 0,243 0,381 0,019 0,000 0,000
10 0,000 0,001 0,011 0,013 0,008 0,011 0,025 0,027 0,016 0,014 0,033 0,057 0,134 0,211 0,257 0,107 0,053 0,015 0,007 0,000 0,000 0,000 0,000 0,000 0,000 0,000 0,000
11 0,000 0,000 0,000 0,000 0,007 0,083 0,214 0,237 0,255 0,107 0,043 0,030 0,008 0,009 0,005 0,002 0,000 0,000 0,000 0,000 0,000 0,000 0,000 0,000 0,000 0,000 0,000
12 0,000 0,000 0,000 0,000 0,000 0,000 0,000 0,000 0,000 0,000 0,000 0,000 0,000 0,000 0,000 0,000 0,002 0,001 0,002 0,009 0,017 0,025 0,049 0,087 0,301 0,507 0,000
13 0,000 0,000 0,000 0,000 0,000 0,000 0,000 0,000 0,000 0,000 0,000 0,000 0,001 0,017 0,099 0,233 0,190 0,176 0,126 0,065 0,052 0,019 0,016 0,005 0,001 0,000 0,000
14 0,000 0,000 0,000 0,000 0,000 0,000 0,000 0,008 0,018 0,084 0,245 0,437 0,113 0,061 0,021 0,008 0,001 0,003 0,001 0,000 0,000 0,000 0,000 0,000 0,000 0,000 0,000
15 0,000 0,003 0,273 0,281 0,279 0,093 0,056 0,012 0,003 0,000 0,000 0,000 0,000 0,000 0,000 0,000 0,000 0,000 0,000 0,000 0,000 0,000 0,000 0,000 0,000 0,000 0,000
16 0,000 0,000 0,013 0,040 0,105 0,347 0,164 0,178 0,151 0,002 0,000 0,000 0,000 0,000 0,000 0,000 0,000 0,000 0,000 0,000 0,000 0,000 0,000 0,000 0,000 0,000 0,000
17 0,000 0,008 0,007 0,007 0,001 0,003 0,008 0,016 0,008 0,012 0,005 0,013 0,006 0,011 0,014 0,027 0,055 0,100 0,178 0,175 0,225 0,107 0,014 0,000 0,000 0,000 0,000
18 0,000 0,000 0,000 0,000 0,000 0,000 0,000 0,000 0,000 0,000 0,000 0,000 0,000 0,000 0,000 0,000 0,000 0,000 0,001 0,035 0,101 0,216 0,424 0,194 0,029 0,000 0,000
19 0,000 0,000 0,008 0,022 0,045 0,113 0,155 0,144 0,131 0,069 0,087 0,058 0,035 0,021 0,012 0,023 0,023 0,018 0,021 0,009 0,004 0,001 0,001 0,000 0,000 0,000 0,000
20 0,106 0,664 0,045 0,025 0,019 0,035 0,010 0,015 0,015 0,014 0,018 0,010 0,007 0,007 0,005 0,001 0,001 0,002 0,000 0,000 0,000 0,001 0,000 0,000 0,000 0,000 0,000
21 0,000 0,000 0,018 0,033 0,069 0,162 0,189 0,192 0,115 0,074 0,043 0,024 0,029 0,018 0,012 0,010 0,007 0,003 0,001 0,000 0,001 0,000 0,000 0,000 0,000 0,000 0,000
22 0,000 0,000 0,000 0,000 0,000 0,000 0,000 0,000 0,000 0,000 0,000 0,000 0,000 0,000 0,000 0,000 0,000 0,000 0,000 0,000 0,002 0,010 0,046 0,146 0,497 0,299 0,000
23 0,000 0,000 0,000 0,000 0,000 0,000 0,000 0,000 0,000 0,000 0,000 0,000 0,000 0,001 0,007 0,017 0,056 0,087 0,122 0,129 0,076 0,089 0,047 0,095 0,085 0,135 0,054
24 0,000 0,000 0,000 0,000 0,000 0,000 0,000 0,000 0,000 0,000 0,000 0,000 0,000 0,004 0,021 0,043 0,073 0,084 0,155 0,167 0,131 0,094 0,089 0,067 0,063 0,009 0,000
25 0,000 0,000 0,000 0,000 0,009 0,005 0,005 0,002 0,016 0,015 0,016 0,016 0,027 0,036 0,080 0,151 0,216 0,222 0,136 0,048 0,000 0,000 0,000 0,000 0,000 0,000 0,000
26 0,000 0,003 0,185 0,358 0,343 0,067 0,017 0,011 0,008 0,006 0,001 0,000 0,001 0,000 0,000 0,000 0,000 0,000 0,000 0,000 0,000 0,000 0,000 0,000 0,000 0,000 0,000
27 0,894 0,106 0,000 0,000 0,000 0,000 0,000 0,000 0,000 0,000 0,000 0,000 0,000 0,000 0,000 0,000 0,000 0,000 0,000 0,000 0,000 0,000 0,000 0,000 0,000 0,000 0,000

Expected ranks:
1: 9,968
2: 3,288
3: 9,730
4: 26,942
5: 17,001
6: 20,908
7: 14,114
8: 14,680
9: 22,466
10: 13,482
11: 8,462
12: 25,099
13: 17,579
14: 11,861
15: 4,417
16: 6,757
17: 18,567
18: 22,725
19: 9,494
20: 3,112
21: 8,080
22: 25,023
23: 21,815
24: 20,380
25: 16,471
26: 4,473
27: 1,106

Pairwise efficiency preference relations:
	1	2	3	4	5	6	7	8	9	10	11	12	13	14	15	16	17	18	19	20	21	22	23	24	25	26	27
1	N	P	P	N	N	P	P	P	P	P	P	P	N	P	P	P	P	N	P	P	P	P	N	P	P	P		
2	P	N	N	N	N	P	N	N	N	P	P	N	N	N	P	P	P	N	P	P	P	N	N	N	P	P		
3	P		N	P	P	P	P	P	P	P	P	P	N	P	P	P	P	P	P	P	P	P	N	P	P			
4			P	N	P	P		P			P	P	P	P		P		P		P	P	P	P	P		P		
5			P	P	N	P	P	P	P	P	P	P	P	P	P		P	P	P	P	P	P	P	P	P			
6	P	P	P	P	P	N	P	P	P		P	P	P	P	P	P	P	P	P	P	P	P	P	P	P	P	P	
7	P		P	N	P	P	N	P	P	P	P	P	P	P	P	P	P	P	P	P	P	N	P	P	P	P		
8	P		P	P	P	P	P	N	P	P	P	P	P	P		P	P	P	P	P	P	P	P	P	P	P		
9	P		P	N	P	P	P	P	N	P	P	P	P	P	P	P	P	P	P	P	P	P	P	P	P	P		
10	P	P	P	N	P	N	P	P	P	N	P	P	P	P	P	P	P	P	P	P	P	N	P	P	P	P	P	
11	P	P	P	P	P	P	P	P	P	P	N	P	N	P	P	P	P	N	P	P	P	P	N	P	P	P		
12	P		P	P	P	P	P	P	P	P	P	N	P	P	P	P		P	P	P	P	P	P	P	P	P		
13				P	P	P	P	P	P	P		P	N				P	P	P	P	P	P	P	P	P			
14	P		P	P	P	P	P	P	P	P	P	P	N	N		P	P	N	P	P	P	P	N	P	P	P		
15	P	P	P	N	P	P	P	N	P	P	P	P	N	N	N	P	P	N	P	P	P	N	N	N	P	P		
16	P	P	P	P	N	P	P	P	P	P	P	P	N	P	P	N	P	N	P	P	P	P	N	P	P	P		
17	P	P	P	N	P	P	P	P	P	P	P	N	P	P	P	P	N	P	P	P	P	N	P	P	P	P	P	
18			P	P	P	P	P	P	P	P		P	P				P	N	P	P	P	P	P	P	P	P		
19	P	P	P	N	P	P	P	P	P	P	P	P	P	P	P	P	P	P	N	P	P	P	N	N	P	P		
20	P	P	P	P	P	P	P	P	P	P	P	P	P	P	P	P	P	P	P	N	P	P	P	P	P	P	P	
21	P	P	P	P	P	P	P	P	P	P	P	P	P	P	P	P	P	P	P	P	N	P	N	P	P	P		
22	P		P	P	P	P		P	P		P	P	P	P		P		P	P	P	P	N	P	P		P		
23				P	P	P	P	P	P	P		P	P				P	P		P		P	N	P	P			
24	P		P	P	P	P	P	P	P	P	P	P	P	P		P	P	P		P	P	P	P	N	P	P		
25	P	P	P	N	P	P	P	P	P	P	P	P	P	P	P	P	P	P	P	P	P	N	P	P	N	P	P	
26	P	P	N	P	N	P	P	P	P	P	P	P	N	P	P	P	P	P	P	P	P	P	N	P	P	N		
27	N	N	N	N	N	P	N	N	N	P	N	N	N	N	N	N	P	N	N	P	N	N	N	N	P	N	N	

Pairwise efficiency outranking indices:
       1     2     3     4     5     6     7     8     9    10    11    12    13    14    15    16    17    18    19    20    21    22    23    24    25    26    27
 1 1,000 0,000 0,385 1,000 1,000 0,999 0,984 0,995 1,000 0,933 0,283 1,000 1,000 0,778 0,009 0,026 0,960 1,000 0,377 0,127 0,308 1,000 1,000 1,000 0,985 0,045 0,000
 2 1,000 1,000 1,000 1,000 1,000 1,000 1,000 1,000 1,000 0,990 1,000 1,000 1,000 1,000 0,778 1,000 0,988 1,000 0,976 0,272 0,962 1,000 1,000 1,000 1,000 0,810 0,000
 3 0,615 0,000 1,000 1,000 0,999 0,993 0,986 1,000 0,996 0,876 0,240 1,000 1,000 0,916 0,000 0,002 0,921 1,000 0,406 0,087 0,289 1,000 1,000 1,000 0,935 0,000 0,000
 4 0,000 0,000 0,000 1,000 0,000 0,000 0,000 0,000 0,000 0,000 0,000 0,000 0,000 0,000 0,000 0,000 0,000 0,000 0,000 0,000 0,000 0,000 0,074 0,005 0,000 0,000 0,000
 5 0,000 0,000 0,001 1,000 1,000 0,925 0,210 0,222 0,984 0,133 0,012 0,999 0,615 0,030 0,000 0,000 0,754 1,000 0,106 0,027 0,045 1,000 0,859 0,835 0,459 0,000 0,000
 6 0,001 0,000 0,007 1,000 0,075 1,000 0,027 0,048 0,829 0,000 0,012 0,969 0,136 0,021 0,000 0,001 0,167 0,847 0,045 0,006 0,022 0,995 0,556 0,431 0,001 0,001 0,000
 7 0,016 0,000 0,014 1,000 0,790 0,973 1,000 0,538 0,973 0,539 0,011 0,995 0,991 0,085 0,000 0,000 0,852 1,000 0,112 0,009 0,043 1,000 1,000 1,000 0,793 0,000 0,000
 8 0,005 0,000 0,000 1,000 0,778 0,952 0,462 1,000 0,952 0,469 0,000 0,986 0,936 0,053 0,000 0,000 0,824 0,998 0,067 0,013 0,006 1,000 0,998 0,992 0,745 0,000 0,000
 9 0,000 0,000 0,004 1,000 0,016 0,171 0,027 0,048 1,000 0,000 0,008 0,999 0,136 0,008 0,000 0,000 0,000 0,513 0,052 0,006 0,019 0,973 0,441 0,319 0,000 0,000 0,000
10 0,067 0,010 0,124 1,000 0,867 1,000 0,461 0,531 1,000 1,000 0,134 1,000 0,878 0,210 0,036 0,051 0,970 1,000 0,215 0,097 0,153 1,000 0,979 0,975 0,980 0,050 0,000
11 0,717 0,000 0,760 1,000 0,988 0,988 0,989 1,000 0,992 0,866 1,000 1,000 1,000 0,952 0,015 0,207 0,914 1,000 0,590 0,076 0,452 1,000 1,000 1,000 0,929 0,002 0,000
12 0,000 0,000 0,000 1,000 0,001 0,031 0,005 0,014 0,001 0,000 0,000 1,000 0,053 0,000 0,000 0,000 0,000 0,080 0,010 0,003 0,005 0,484 0,277 0,149 0,000 0,000 0,000
13 0,000 0,000 0,000 1,000 0,385 0,864 0,009 0,064 0,864 0,122 0,000 0,947 1,000 0,000 0,000 0,000 0,681 0,943 0,003 0,001 0,000 0,991 0,981 0,926 0,456 0,000 0,000
14 0,222 0,000 0,084 1,000 0,970 0,979 0,915 0,947 0,992 0,790 0,048 1,000 1,000 1,000 0,000 0,000 0,896 1,000 0,254 0,045 0,103 1,000 1,000 1,000 0,891 0,000 0,000
15 0,991 0,222 1,000 1,000 1,000 1,000 1,000 1,000 1,000 0,964 0,985 1,000 1,000 1,000 1,000 0,947 0,967 1,000 0,929 0,220 0,907 1,000 1,000 1,000 0,990 0,580 0,000
16 0,974 0,000 0,998 1,000 1,000 0,999 1,000 1,000 1,000 0,949 0,793 1,000 1,000 1,000 0,053 1,000 0,963 1,000 0,696 0,167 0,645 1,000 1,000 1,000 0,986 0,110 0,000
17 0,040 0,012 0,079 1,000 0,246 0,833 0,148 0,176 1,000 0,030 0,086 1,000 0,319 0,104 0,033 0,037 1,000 0,968 0,132 0,073 0,096 1,000 0,638 0,582 0,110 0,038 0,002
18 0,000 0,000 0,000 1,000 0,000 0,153 0,000 0,002 0,487 0,000 0,000 0,920 0,057 0,000 0,000 0,000 0,032 1,000 0,002 0,001 0,000 0,962 0,436 0,292 0,000 0,000 0,000
19 0,623 0,024 0,594 1,000 0,894 0,955 0,888 0,933 0,948 0,785 0,410 0,990 0,997 0,746 0,071 0,304 0,868 0,998 1,000 0,013 0,277 1,000 1,000 1,000 0,853 0,046 0,000
20 0,873 0,728 0,913 1,000 0,973 0,994 0,991 0,987 0,994 0,903 0,924 0,997 0,999 0,955 0,780 0,833 0,927 0,999 0,987 1,000 0,956 1,000 1,000 1,000 0,938 0,813 0,109
21 0,692 0,038 0,711 1,000 0,955 0,978 0,957 0,994 0,981 0,847 0,548 0,995 1,000 0,897 0,093 0,355 0,904 1,000 0,723 0,044 1,000 1,000 1,000 1,000 0,904 0,064 0,000
22 0,000 0,000 0,000 1,000 0,000 0,005 0,000 0,000 0,027 0,000 0,000 0,516 0,009 0,000 0,000 0,000 0,000 0,038 0,000 0,000 0,000 1,000 0,268 0,095 0,000 0,000 0,000
23 0,000 0,000 0,000 0,926 0,141 0,444 0,000 0,002 0,559 0,021 0,000 0,723 0,019 0,000 0,000 0,000 0,362 0,564 0,000 0,000 0,000 0,732 1,000 0,276 0,153 0,000 0,000
24 0,000 0,000 0,000 0,995 0,165 0,569 0,000 0,008 0,681 0,025 0,000 0,851 0,074 0,000 0,000 0,000 0,418 0,708 0,000 0,000 0,000 0,905 0,724 1,000 0,168 0,000 0,000
25 0,015 0,000 0,065 1,000 0,541 0,999 0,207 0,255 1,000 0,020 0,071 1,000 0,544 0,109 0,010 0,014 0,890 1,000 0,147 0,062 0,096 1,000 0,847 0,832 1,000 0,019 0,000
26 0,955 0,190 1,000 1,000 1,000 0,999 1,000 1,000 1,000 0,950 0,998 1,000 1,000 1,000 0,420 0,890 0,962 1,000 0,954 0,187 0,936 1,000 1,000 1,000 0,981 1,000 0,000
27 1,000 1,000 1,000 1,000 1,000 1,000 1,000 1,000 1,000 1,000 1,000 1,000 1,000 1,000 1,000 1,000 0,998 1,000 1,000 0,891 1,000 1,000 1,000 1,000 1,000 1,000 1,000

